
================ BASELINE CNN =================
Accuracy: 19.63%
Confusion Matrix:
[[8 0 0 ... 0 0 0]
 [0 5 0 ... 0 0 0]
 [0 0 5 ... 0 0 0]
 ...
 [0 0 0 ... 0 0 1]
 [1 0 0 ... 4 0 0]
 [0 1 0 ... 0 6 0]]

Classification Report:
                     precision    recall  f1-score   support

     airport_inside       0.40      0.40      0.40        20
          artstudio       0.31      0.25      0.28        20
         auditorium       0.45      0.28      0.34        18
             bakery       0.41      0.37      0.39        19
                bar       0.30      0.17      0.21        18
           bathroom       0.52      0.78      0.62        18
            bedroom       0.47      0.38      0.42        21
          bookstore       0.41      0.55      0.47        20
            bowling       0.71      0.85      0.77        20
             buffet       0.70      0.70      0.70        20
             casino       0.57      0.63      0.60        19
      children_room       0.35      0.33      0.34        18
      church_inside       0.58      0.79      0.67        19
          classroom       0.57      0.44      0.50        18
           cloister       0.69      0.90      0.78        20
             closet       0.48      0.78      0.60        18
      clothingstore       0.29      0.22      0.25        18
       computerroom       0.45      0.83      0.59        18
       concert_hall       0.42      0.55      0.48        20
           corridor       0.60      0.43      0.50        21
               deli       0.17      0.11      0.13        19
       dentaloffice       0.75      0.71      0.73        21
        dining_room       0.33      0.44      0.38        18
           elevator       0.76      0.90      0.83        21
fastfood_restaurant       0.36      0.47      0.41        17
            florist       0.00      0.00      0.00         0
           gameroom       0.00      0.00      0.00        19
             garage       0.00      0.00      0.00        20
         greenhouse       0.00      0.00      0.00        18
       grocerystore       0.00      0.00      0.00        20
                gym       0.00      0.00      0.00        21
          hairsalon       0.00      0.00      0.00        18
       hospitalroom       0.05      0.05      0.05        21
         inside_bus       0.00      0.00      0.00        20
      inside_subway       0.12      0.13      0.12        23
      jewelleryshop       0.00      0.00      0.00        21
       kindergarden       0.00      0.00      0.00        22
            kitchen       0.00      0.00      0.00        20
      laboratorywet       0.06      0.05      0.05        21
         laundromat       0.00      0.00      0.00        22
            library       0.00      0.00      0.00        22
         livingroom       0.00      0.00      0.00        20
              lobby       0.00      0.00      0.00        20
        locker_room       0.00      0.00      0.00        20
               mall       0.00      0.00      0.00        21
       meeting_room       0.00      0.00      0.00        20
       movietheater       0.00      0.00      0.00        22
             museum       0.00      0.00      0.00        20
            nursery       0.00      0.00      0.00        23
             office       0.00      0.00      0.00        20
     operating_room       0.00      0.00      0.00        21
             pantry       0.00      0.00      0.00        19
         poolinside       0.00      0.00      0.00        20
         prisoncell       0.00      0.00      0.00        20
         restaurant       0.00      0.00      0.00        20
 restaurant_kitchen       0.00      0.00      0.00        20
           shoeshop       0.00      0.00      0.00        23
         stairscase       0.04      0.05      0.05        19
        studiomusic       0.00      0.00      0.00        20
             subway       0.00      0.00      0.00        19
           toystore       0.00      0.00      0.00        21
       trainstation       0.00      0.00      0.00        22
          tv_studio       0.05      0.05      0.05        20
         videostore       0.00      0.00      0.00        18
        waitingroom       0.00      0.00      0.00        22
          warehouse       0.00      0.00      0.00        21
         winecellar       0.00      0.00      0.00        21

          micro avg       0.20      0.20      0.20      1319
          macro avg       0.18      0.20      0.19      1319
       weighted avg       0.18      0.20      0.19      1319


================ HYBRID MODEL =================
Accuracy: 8.06%
Confusion Matrix:
[[1 0 0 ... 1 1 0]
 [0 1 0 ... 0 0 0]
 [0 0 1 ... 0 0 0]
 ...
 [0 0 0 ... 0 0 0]
 [1 0 0 ... 6 0 0]
 [0 0 0 ... 1 1 0]]

Classification Report:
              precision    recall  f1-score   support

           0       0.03      0.05      0.04        20
           1       0.11      0.05      0.07        20
           2       0.08      0.06      0.06        18
           3       0.06      0.05      0.06        19
           4       0.06      0.06      0.06        18
           5       0.05      0.06      0.05        18
           6       0.28      0.24      0.26        21
           7       0.19      0.20      0.20        20
           8       0.28      0.40      0.33        20
           9       0.35      0.30      0.32        20
          10       0.00      0.00      0.00        19
          11       0.13      0.11      0.12        18
          12       0.25      0.47      0.33        19
          13       0.15      0.22      0.18        18
          14       0.34      0.55      0.42        20
          15       0.31      0.44      0.36        18
          16       0.05      0.06      0.05        18
          17       0.20      0.22      0.21        18
          18       0.27      0.30      0.29        20
          19       0.58      0.52      0.55        21
          20       0.08      0.05      0.06        19
          21       0.16      0.14      0.15        21
          22       0.13      0.11      0.12        18
          23       0.31      0.24      0.27        21
          24       0.10      0.12      0.11        17
          25       0.00      0.00      0.00         0
          26       0.00      0.00      0.00        19
          27       0.00      0.00      0.00        20
          28       0.00      0.00      0.00        18
          29       0.05      0.05      0.05        20
          30       0.00      0.00      0.00        21
          31       0.00      0.00      0.00        18
          32       0.04      0.05      0.05        21
          33       0.00      0.00      0.00        20
          34       0.06      0.04      0.05        23
          35       0.00      0.00      0.00        21
          36       0.08      0.05      0.06        22
          37       0.00      0.00      0.00        20
          38       0.00      0.00      0.00        21
          39       0.00      0.00      0.00        22
          40       0.00      0.00      0.00        22
          41       0.00      0.00      0.00        20
          42       0.04      0.05      0.04        20
          43       0.10      0.05      0.07        20
          44       0.00      0.00      0.00        21
          45       0.00      0.00      0.00        20
          46       0.00      0.00      0.00        22
          47       0.08      0.05      0.06        20
          48       0.00      0.00      0.00        23
          49       0.00      0.00      0.00        20
          50       0.10      0.05      0.06        21
          51       0.05      0.05      0.05        19
          52       0.00      0.00      0.00        20
          53       0.00      0.00      0.00        20
          54       0.00      0.00      0.00        20
          55       0.00      0.00      0.00        20
          56       0.00      0.00      0.00        23
          57       0.00      0.00      0.00        19
          58       0.08      0.05      0.06        20
          59       0.00      0.00      0.00        19
          60       0.00      0.00      0.00        21
          61       0.00      0.00      0.00        22
          62       0.00      0.00      0.00        20
          63       0.00      0.00      0.00        18
          64       0.00      0.00      0.00        22
          65       0.00      0.00      0.00        21
          66       0.00      0.00      0.00        21
          67       0.00      0.00      0.00        21

    accuracy                           0.08      1340
   macro avg       0.08      0.08      0.08      1340
weighted avg       0.08      0.08      0.08      1340

